<?xml version="1.0" encoding="UTF-8" standalone="no" ?>
<CartesianTask>

  <Targets/>

  <Entities>
    <CartesianTask>
      <Targets/>
      <Entities/>
      <Id></Id>
      <Index>0</Index>
      <PropertyMap>
        <Property>
          <Name>Approach</Name>
          <Value>
            <Transform3D>
              <Pos>0 0 0.1</Pos>
              <Rotation3D>1 0 0 0 1 0 0 0 1</Rotation3D>
            </Transform3D>
          </Value>
        </Property>
        <Property>
          <Name>CloseQ</Name>
          <Value>
            <Q>0</Q>
          </Value>
        </Property>
        <Property>
          <Name>Offset</Name>
          <Value>
            <Transform3D>
              <Pos>0 0 1e-05</Pos>
              <Rotation3D>1 0 0 0 1 0 0 0 1</Rotation3D>
            </Transform3D>
          </Value>
        </Property>
        <Property>
          <Name>OpenQ</Name>
          <Value>
            <Q>0.05</Q>
          </Value>
        </Property>
        <Property>
          <Name>Retract</Name>
          <Value>
            <Transform3D>
              <Pos>0 0 0.1</Pos>
              <Rotation3D>1 0 0 0 1 0 0 0 1</Rotation3D>
            </Transform3D>
          </Value>
        </Property>
        <Property>
          <Name>TauMax</Name>
          <Value>
            <Q></Q>
          </Value>
        </Property>
        <Property>
          <Name>refframe</Name>
          <Value>
            <String></String>
          </Value>
        </Property>
      </PropertyMap>
    </CartesianTask>
    <CartesianTask>
      <Targets>
        <CartesianTarget id="0">
          <Transform3D>
            <Pos>-0.0002420641199772956 -0.0005785421720352089 0.1133860663213644</Pos>
            <Rotation3D>0.9999999482845284 0.0001603939421248406 -0.0002787556704061709 1.103473423934572e-08 -0.8667763386889757 -0.4986970810912508 -0.0003216068101458288 0.4986970552978202 -0.8667762938649988</Rotation3D>
          </Transform3D>
          <Id></Id>
          <Index>0</Index>
          <PropertyMap>
            <Property>
              <Name>ContactsGrasp</Name>
              <Value>
                <DoubleList>0.01508290418494244 -0.003756515760339579 0.1108588055786207 -0.9658846706445918 0.2589725563382932 0.0001344522139561052 -25.06467813972188 2.966991187454234 2.132043069785058 -0.01492459360096734 -0.004360503583603578 0.1108687500037514 0.9658846197839053 0.2589718010195803 -0.0007124195222588305 24.70750333776865 3.557950994411311 1.9650771613038 -6.033673183269858e-06 0.01530426597575743 0.1155168355390928 0.01006000594727693 -0.5073075089468947 -0.8617063813425297 0.3674032445600304 -6.862504649218455 -3.26251812448798</DoubleList>
              </Value>
            </Property>
            <Property>
              <Name>GripperConfiguration</Name>
              <Value>
                <Q>0.01481395209434754</Q>
              </Value>
            </Property>
            <Property>
              <Name>GripperConfigurationPost</Name>
              <Value>
                <Q>0.006050645849259099</Q>
              </Value>
            </Property>
            <Property>
              <Name>Interference</Name>
              <Value>
                <Double>0</Double>
              </Value>
            </Property>
            <Property>
              <Name>InterferenceAngles</Name>
              <Value>
                <DoubleList></DoubleList>
              </Value>
            </Property>
            <Property>
              <Name>InterferenceDistances</Name>
              <Value>
                <DoubleList></DoubleList>
              </Value>
            </Property>
            <Property>
              <Name>Interferences</Name>
              <Value>
                <DoubleList></DoubleList>
              </Value>
            </Property>
            <Property>
              <Name>LiftResult</Name>
              <Value>
                <Double>0</Double>
              </Value>
            </Property>
            <Property>
              <Name>LiftStatus</Name>
              <Value>
                <Integer>4</Integer>
              </Value>
            </Property>
            <Property>
              <Name>ObjectTtcpApproach</Name>
              <Value>
                <Transform3D>
                  <Pos>-0.0002421145635541956 0.0003187232149827815 0.1145561593090184</Pos>
                  <Rotation3D>0.999999949573468 0.0001587248749009101 -0.0002750626755610446 4.069022806842372e-07 -0.8667777358986138 -0.4986946526185209 -0.0003175734495036448 0.4986946273591554 -0.8667776922546041</Rotation3D>
                </Transform3D>
              </Value>
            </Property>
            <Property>
              <Name>ObjectTtcptTarget</Name>
              <Value>
                <Transform3D>
                  <Pos>-0.0001584374188554443 0.1490305821553399 0.373418954480864</Pos>
                  <Rotation3D>0.9999999482845284 0.0001603939421248406 -0.0002787556704061709 1.103473423934572e-08 -0.8667763386889757 -0.4986970810912508 -0.0003216068101458288 0.4986970552978202 -0.8667762938649988</Rotation3D>
                </Transform3D>
              </Value>
            </Property>
            <Property>
              <Name>QualityBeforeLifting</Name>
              <Value>
                <Q>4.899737207252812e-11 0.05500356599602759 0.5334285890954111</Q>
              </Value>
            </Property>
            <Property>
              <Name>TestStatus</Name>
              <Value>
                <Integer>4</Integer>
              </Value>
            </Property>
          </PropertyMap>
        </CartesianTarget>
      </Targets>
      <Entities/>
      <Id></Id>
      <Index>1</Index>
      <PropertyMap>
        <Property>
          <Name>Approach</Name>
          <Value>
            <Transform3D>
              <Pos>0 0 0.3</Pos>
              <Rotation3D>1 0 0 0 1 0 0 0 1</Rotation3D>
            </Transform3D>
          </Value>
        </Property>
        <Property>
          <Name>CloseQ</Name>
          <Value>
            <Q>0</Q>
          </Value>
        </Property>
        <Property>
          <Name>Offset</Name>
          <Value>
            <Transform3D>
              <Pos>0 0 1e-05</Pos>
              <Rotation3D>1 0 0 0 1 0 0 0 1</Rotation3D>
            </Transform3D>
          </Value>
        </Property>
        <Property>
          <Name>OpenQ</Name>
          <Value>
            <Q>0.01975332398686376</Q>
          </Value>
        </Property>
        <Property>
          <Name>Retract</Name>
          <Value>
            <Transform3D>
              <Pos>0 0 0.1</Pos>
              <Rotation3D>1 0 0 0 1 0 0 0 1</Rotation3D>
            </Transform3D>
          </Value>
        </Property>
        <Property>
          <Name>TauMax</Name>
          <Value>
            <Q></Q>
          </Value>
        </Property>
        <Property>
          <Name>refframe</Name>
          <Value>
            <String></String>
          </Value>
        </Property>
      </PropertyMap>
    </CartesianTask>
    <CartesianTask>
      <Targets>
        <CartesianTarget id="0">
          <Transform3D>
            <Pos>-0.0008159188969959806 -0.0005213262919334591 0.1127754769099888</Pos>
            <Rotation3D>-0.5733595676984323 0.8008013970095677 -0.1731355788860038 0.8193038448932469 0.5604437934191839 -0.1210122479795232 0.0001259833694278586 -0.2112341756568759 -0.977435474679915</Rotation3D>
          </Transform3D>
          <Id></Id>
          <Index>0</Index>
          <PropertyMap>
            <Property>
              <Name>ContactsGrasp</Name>
              <Value>
                <DoubleList>-0.009830216761440812 0.01212976357177981 0.09490788615997285 0.597834406667698 -0.8016195674302785 -0.0003021873172153822 2.933316102069382 -3.933202168780726 -0.001482703092265711 -0.007942473698829024 0.01358767399531137 0.105994420314105 0.5944939613371198 -0.804099867459972 0.0005771347803149342 3.191282004727039 -4.141625660923893 3.611857145684939 -0.009960436275943622 0.01215330600452689 0.1042472829640731 0.5786274562557447 -0.815591789901656 -0.0005469113450137821 3.916227808863979 -3.544872673489543 2.476714472694396 -0.01001839959101953 0.01200203935912113 0.09384662988234918 0.594365785998329 -0.8041945748270004 0.0006310732198829419 2.89810269355756 -3.921219084870169 0.00307708660467872 -0.01040422942588873 0.01174030843661196 0.09166981902867732 0.5872012732107651 -0.8094369746131422 0.002539462301318133 2.826101573731776 -3.895684856544605 0.01222200756981623 0.009811075448967496 -0.01210770868986063 0.1070250638013965 -0.5779170857760679 0.8160954489981412 -0.0002451379603129501 -15.44168106576872 18.99493975128711 -5.120997763664995 0.007531874881230032 -0.01376287798856028 0.103951295651823 -0.4225712047967131 0.9063296210646555 -0.0004414266105398886 -0.03478703674666647 0.07461114594340601 -3.633925726007488e-05 0.007531874881230032 -0.01376287798856028 0.103951295651823 -0.4225712047967131 0.9063296210646555 -0.0004414266105398886 -0.03478703643602166 0.07461114527713582 -3.633925693556894e-05</DoubleList>
              </Value>
            </Property>
            <Property>
              <Name>ContactsLift</Name>
              <Value>
                <DoubleList>-0.009828930824046596 0.0121279060161167 0.09492105489928759 0.5977397815771024 -0.8016901307070322 -0.0002963901138075681 2.886743232292011 -3.871707439494397 -0.00143139570348623 -0.007940815285980235 0.01358559717212922 0.1059945435486562 0.5943849429509626 -0.8041804576253628 0.0005754708011282781 5.201362651074741 -2.885483040700778 4.490982124372806 -0.009958952104516203 0.01215121690493781 0.1042484474698372 0.5786111509558375 -0.8156033459381304 -0.000563989439055914 1.647619025625102 -5.292946464879079 2.499277221311046 -0.0100170405652513 0.01200027500556885 0.09386170977882727 0.5943089269434069 -0.8042365979119264 0.0006276419573320339 2.846197674456937 -3.851559737563988 0.003005832486039944 -0.01040258729940411 0.01173882945634691 0.09168945550103275 0.5871254548319553 -0.8094919982028134 0.002530836617776309 2.768607915761664 -3.817184105246286 0.01193423694341519 0.009811125259069993 -0.01210782737435047 0.1070248571322032 -0.5778896187419159 0.8161148998059911 -0.0002426210629111651 -14.25129636587571 17.35752780296078 -6.207521075548069 0.007531227145189378 -0.01376342571291816 0.1039517769181699 -0.4225707433563361 0.9063298373807598 -0.0004390132561896149 -0.5514026112671404 1.182648460306807 -0.0005728580590344205 0.007531227145189378 -0.01376342571291816 0.1039517769181699 -0.4225707433563361 0.9063298373807598 -0.0004390132561896149 -0.5514026112705797 1.182648460314183 -0.000572858059037994</DoubleList>
              </Value>
            </Property>
            <Property>
              <Name>GripperConfiguration</Name>
              <Value>
                <Q>0.01539424971080073</Q>
              </Value>
            </Property>
            <Property>
              <Name>GripperConfigurationPost</Name>
              <Value>
                <Q>0.01539339706069938</Q>
              </Value>
            </Property>
            <Property>
              <Name>Interference</Name>
              <Value>
                <Double>0.002790666195331853</Double>
              </Value>
            </Property>
            <Property>
              <Name>InterferenceAngles</Name>
              <Value>
                <DoubleList>0.001114838719417743 0.0008692421900946401</DoubleList>
              </Value>
            </Property>
            <Property>
              <Name>InterferenceDistances</Name>
              <Value>
                <DoubleList>0.000369167321813879 0.0003724807409845533</DoubleList>
              </Value>
            </Property>
            <Property>
              <Name>Interferences</Name>
              <Value>
                <DoubleList>0.001488256859119156 0.001302409336212697</DoubleList>
              </Value>
            </Property>
            <Property>
              <Name>LiftResult</Name>
              <Value>
                <Double>0.9997731401781076</Double>
              </Value>
            </Property>
            <Property>
              <Name>LiftStatus</Name>
              <Value>
                <Integer>1</Integer>
              </Value>
            </Property>
            <Property>
              <Name>ObjectTtcpApproach</Name>
              <Value>
                <Transform3D>
                  <Pos>-0.0005048251535270283 -0.0003038925555857667 0.1141447536190198</Pos>
                  <Rotation3D>-0.5733598918086676 0.8008020276235641 -0.1731315887385717 0.819303618079175 0.5604447015540123 -0.1210095777300612 0.0001259663720565567 -0.211229375452428 -0.9774365120448749</Rotation3D>
                </Transform3D>
              </Value>
            </Property>
            <Property>
              <Name>ObjectTtcpGrasp</Name>
              <Value>
                <Transform3D>
                  <Pos>-0.0008303113356895007 -0.0004765884011022088 0.1122345030418526</Pos>
                  <Rotation3D>-0.5722504085541449 0.8025427706683411 -0.1686848278820514 0.8200533632108793 0.5583716484279458 -0.1254335828970234 -0.006476989743748812 -0.2101099794865563 -0.9776563021450938</Rotation3D>
                </Transform3D>
              </Value>
            </Property>
            <Property>
              <Name>ObjectTtcpLift</Name>
              <Value>
                <Transform3D>
                  <Pos>-0.0008285124815292991 -0.0004765164055944536 0.1122350129540801</Pos>
                  <Rotation3D>-0.5722404375235471 0.8025044269909206 -0.1689009364178725 0.8200604255044489 0.5583317258352289 -0.1255650526512752 -0.006463759302619329 -0.2103623744537732 -0.9776021129426066</Rotation3D>
                </Transform3D>
              </Value>
            </Property>
            <Property>
              <Name>ObjectTtcptTarget</Name>
              <Value>
                <Transform3D>
                  <Pos>0.05112475476880515 0.03578234810192349 0.4060061193139633</Pos>
                  <Rotation3D>-0.5733595676984323 0.8008013970095677 -0.1731355788860038 0.8193038448932469 0.5604437934191839 -0.1210122479795232 0.0001259833694278586 -0.2112341756568759 -0.977435474679915</Rotation3D>
                </Transform3D>
              </Value>
            </Property>
            <Property>
              <Name>QualityAfterLifting</Name>
              <Value>
                <Q>0.01671030900132891 0.05471869517570981 0.6233713085704148</Q>
              </Value>
            </Property>
            <Property>
              <Name>QualityBeforeLifting</Name>
              <Value>
                <Q>0.01671213045492876 0.05475926131626065 0.62341863377023</Q>
              </Value>
            </Property>
            <Property>
              <Name>TestStatus</Name>
              <Value>
                <Integer>1</Integer>
              </Value>
            </Property>
          </PropertyMap>
        </CartesianTarget>
      </Targets>
      <Entities/>
      <Id></Id>
      <Index>2</Index>
      <PropertyMap>
        <Property>
          <Name>Approach</Name>
          <Value>
            <Transform3D>
              <Pos>0 0 0.3</Pos>
              <Rotation3D>1 0 0 0 1 0 0 0 1</Rotation3D>
            </Transform3D>
          </Value>
        </Property>
        <Property>
          <Name>CloseQ</Name>
          <Value>
            <Q>0</Q>
          </Value>
        </Property>
        <Property>
          <Name>Offset</Name>
          <Value>
            <Transform3D>
              <Pos>0 0 1e-05</Pos>
              <Rotation3D>1 0 0 0 1 0 0 0 1</Rotation3D>
            </Transform3D>
          </Value>
        </Property>
        <Property>
          <Name>OpenQ</Name>
          <Value>
            <Q>0.01998451816092236</Q>
          </Value>
        </Property>
        <Property>
          <Name>Retract</Name>
          <Value>
            <Transform3D>
              <Pos>0 0 0.1</Pos>
              <Rotation3D>1 0 0 0 1 0 0 0 1</Rotation3D>
            </Transform3D>
          </Value>
        </Property>
        <Property>
          <Name>TauMax</Name>
          <Value>
            <Q></Q>
          </Value>
        </Property>
        <Property>
          <Name>refframe</Name>
          <Value>
            <String></String>
          </Value>
        </Property>
      </PropertyMap>
    </CartesianTask>
    <CartesianTask>
      <Targets>
        <CartesianTarget id="0">
          <Transform3D>
            <Pos>-0.0001214391279208936 -7.850482538599617e-05 0.1123330769667912</Pos>
            <Rotation3D>0.9767885563948604 0.2141736989551828 -0.003707124478537422 0.2142053856417067 -0.9766072693571123 0.01882270440007482 0.0004109235115526754 -0.01917988828694317 -0.9998159645790661</Rotation3D>
          </Transform3D>
          <Id></Id>
          <Index>0</Index>
          <PropertyMap>
            <Property>
              <Name>ContactsGrasp</Name>
              <Value>
                <DoubleList>0.01536396885076859 0.002696165831836662 0.06988681253771799 -0.9759765470084003 -0.2178756025100121 3.899306576745786e-05 -9.961025360189867 -2.058171882037449 -1.19521352233029 0.01536396885557095 0.00269616580995108 0.06988681067429825 -0.9759765710359264 -0.2178754930103273 4.831627590627506e-05 -9.961035466478069 -2.058172596097894 -1.195089040649035 0.01535920356753698 0.002725153575320141 0.1029589296132168 -0.9759744147408239 -0.217885151984222 4.812607471962741e-05 -4.560025126572517 -0.964132527754202 -0.2958802033076088 0.01527847341034778 0.003119148047303781 0.1022897999422769 -0.976397489123413 -0.2159779060902412 0.001219554988441966 0 0 0 0.01485150050925402 0.005217922651796719 0.06993632149630716 -0.9759774081422142 -0.2178716366144427 -0.0002208052309437135 -0.03503327870287444 0.1581410040729392 -1.189966491936365 -0.01521237823385985 -0.00339790338157865 0.06990204000780088 0.9759763252650342 0.2178765859453135 -7.628220369408552e-05 23.87329413345594 5.109031005923389 0.1853181935372381 -0.01536400572040939 -0.002738433010461934 0.1006973907293072 0.9757105912802793 0.219062494780871 0.0006822344677076036 0.1001871476947098 0.02249360283174196 7.005266314569406e-05 -0.01529170513299194 -0.003038741566337449 0.09435851311261857 0.9760455116541954 0.2175664338653816 -7.768397969348665e-05 0.07541316335102764 0.01681004914308091 -6.002173649109917e-06 -0.01498772741872731 -0.004514893508176956 0.06988046036794876 0.9759695974740518 0.2179018235968665 -0.001462901055305718 0.04718807117735667 -0.2101164741289726 0.1841272525696944 -0.01531334802798326 -0.002940748777390631 0.1010444424131709 0.9759918409444386 0.2178070760136529 -6.362600608536854e-05 0.1092206696122147 -0.01021989984831159 0.03375456174000685</DoubleList>
              </Value>
            </Property>
            <Property>
              <Name>ContactsLift</Name>
              <Value>
                <DoubleList>0.01536382989873297 0.002696134642050132 0.06988678701047293 -0.9759764880537367 -0.2178758661919676 4.119944062343537e-05 -10.90894043637445 -2.435299288358267 0.0004605051958467433 0.01536382982745211 0.002696134960961927 0.06988678515376495 -0.9759763851510277 -0.2178763251844991 5.051367350305587e-05 -10.90893845134979 -2.435304232362318 0.0005646146398420732 0.01535917201879854 0.002725143406094507 0.102958761590687 -0.9759753901106886 -0.2178807834658735 4.576665222158743e-05 -2.581680894194238 -0.5763451226184325 0.0001210633924061384 0.01527843736273173 0.003119146622451558 0.1022896211176089 -0.9763970391797104 -0.2159799275112976 0.00122179920992567 -0.06342036155011078 0.2817384670202229 -0.8787037578199007 0.01485135927106282 0.005217890496595225 0.06993630525204939 -0.9759774181141413 -0.2178715864907503 -0.0002261222194452981 -0.06293642837598458 0.2828901134997295 -0.9250968769394471 -0.01521237638717682 -0.003397902780185974 0.06990209072434059 0.9759762662361773 0.2178768495798693 -7.849102905978727e-05 23.93514166761458 5.079600303894173 1.390608215617806 -0.01536391006460106 -0.002738387788573088 0.1006972583824283 0.9757189078140962 0.2190255273250845 0.0006567450310161497 0.2567858077187737 -0.2718497465457184 1.393064814038816 -0.01529160132064114 -0.003038827925186929 0.09435850181115643 0.976006978610391 0.2177392306006115 -7.184197596338043e-05 0.1444312901712399 0.03222144788484469 -1.063130643964821e-05 -0.01498772423725781 -0.00451489363124742 0.06988050778149843 0.9759695276814169 0.2179021213061511 -0.001465116920706582 0 0 0 -0.01531324113751841 -0.002940747830323355 0.1010443514344657 0.9759844557297515 0.2178401673459533 -6.053584034709043e-05 0.1899874336649245 0.04240528022779835 -1.178404931018484e-05</DoubleList>
              </Value>
            </Property>
            <Property>
              <Name>GripperConfiguration</Name>
              <Value>
                <Q>0.01538498995475367</Q>
              </Value>
            </Property>
            <Property>
              <Name>GripperConfigurationPost</Name>
              <Value>
                <Q>0.01538493867148654</Q>
              </Value>
            </Property>
            <Property>
              <Name>Interference</Name>
              <Value>
                <Double>0.002747281086650229</Double>
              </Value>
            </Property>
            <Property>
              <Name>InterferenceAngles</Name>
              <Value>
                <DoubleList>0.0008218565709932079 0.001170410486933265</DoubleList>
              </Value>
            </Property>
            <Property>
              <Name>InterferenceDistances</Name>
              <Value>
                <DoubleList>0.0003611228752908535 0.0003676013862453043</DoubleList>
              </Value>
            </Property>
            <Property>
              <Name>Interferences</Name>
              <Value>
                <DoubleList>0.001228647357890206 0.001518633728760023</DoubleList>
              </Value>
            </Property>
            <Property>
              <Name>LiftResult</Name>
              <Value>
                <Double>0.9999928148232289</Double>
              </Value>
            </Property>
            <Property>
              <Name>LiftStatus</Name>
              <Value>
                <Integer>1</Integer>
              </Value>
            </Property>
            <Property>
              <Name>ObjectTtcpApproach</Name>
              <Value>
                <Transform3D>
                  <Pos>-0.000115315056001444 -0.0001127727228117954 0.1137426406641601</Pos>
                  <Rotation3D>0.9767884701230706 0.2141741620509764 -0.003703099295626539 0.2142057702882309 -0.9766071310225215 0.01882550427439935 0.0004154634241632014 -0.01918176075655936 -0.9998159267807357</Rotation3D>
                </Transform3D>
              </Value>
            </Property>
            <Property>
              <Name>ObjectTtcpGrasp</Name>
              <Value>
                <Transform3D>
                  <Pos>3.085243489342379e-05 -0.0001406302677316156 0.111935951633314</Pos>
                  <Rotation3D>0.9759765063090133 0.2178346513517607 -0.00423365129753859 0.2178757829520888 -0.9757965193591668 0.0187428922407875 -4.833080372300939e-05 -0.01921503257848744 -0.9998153730500154</Rotation3D>
                </Transform3D>
              </Value>
            </Property>
            <Property>
              <Name>ObjectTtcpLift</Name>
              <Value>
                <Transform3D>
                  <Pos>3.092165868648247e-05 -0.0001407417658940316 0.1119359764665306</Pos>
                  <Rotation3D>0.9759763832446696 0.2178351480421526 -0.004236463868275056 0.2178763337159076 -0.9757963508295444 0.01874526378209409 -5.054867202234617e-05 -0.01921795996455516 -0.9998153166758516</Rotation3D>
                </Transform3D>
              </Value>
            </Property>
            <Property>
              <Name>ObjectTtcptTarget</Name>
              <Value>
                <Transform3D>
                  <Pos>0.0009906982156403328 -0.00572531614540845 0.4122778663405112</Pos>
                  <Rotation3D>0.9767885563948604 0.2141736989551828 -0.003707124478537422 0.2142053856417067 -0.9766072693571123 0.01882270440007482 0.0004109235115526754 -0.01917988828694317 -0.9998159645790661</Rotation3D>
                </Transform3D>
              </Value>
            </Property>
            <Property>
              <Name>QualityAfterLifting</Name>
              <Value>
                <Q>0.07848637330626435 0.1216011195342703 0.7458551668109069</Q>
              </Value>
            </Property>
            <Property>
              <Name>QualityBeforeLifting</Name>
              <Value>
                <Q>0.07848716577887251 0.1216045800609103 0.7458547396049103</Q>
              </Value>
            </Property>
            <Property>
              <Name>TestStatus</Name>
              <Value>
                <Integer>1</Integer>
              </Value>
            </Property>
          </PropertyMap>
        </CartesianTarget>
      </Targets>
      <Entities/>
      <Id></Id>
      <Index>3</Index>
      <PropertyMap>
        <Property>
          <Name>Approach</Name>
          <Value>
            <Transform3D>
              <Pos>0 0 0.3</Pos>
              <Rotation3D>1 0 0 0 1 0 0 0 1</Rotation3D>
            </Transform3D>
          </Value>
        </Property>
        <Property>
          <Name>CloseQ</Name>
          <Value>
            <Q>0</Q>
          </Value>
        </Property>
        <Property>
          <Name>Offset</Name>
          <Value>
            <Transform3D>
              <Pos>0 0 1e-05</Pos>
              <Rotation3D>1 0 0 0 1 0 0 0 1</Rotation3D>
            </Transform3D>
          </Value>
        </Property>
        <Property>
          <Name>OpenQ</Name>
          <Value>
            <Q>0.01986500973313038</Q>
          </Value>
        </Property>
        <Property>
          <Name>Retract</Name>
          <Value>
            <Transform3D>
              <Pos>0 0 0.1</Pos>
              <Rotation3D>1 0 0 0 1 0 0 0 1</Rotation3D>
            </Transform3D>
          </Value>
        </Property>
        <Property>
          <Name>TauMax</Name>
          <Value>
            <Q></Q>
          </Value>
        </Property>
        <Property>
          <Name>refframe</Name>
          <Value>
            <String></String>
          </Value>
        </Property>
      </PropertyMap>
    </CartesianTask>
    <CartesianTask>
      <Targets>
        <CartesianTarget id="0">
          <Transform3D>
            <Pos>-0.0005542739896404573 -0.001212755130326731 0.1084725977196626</Pos>
            <Rotation3D>-0.7977172967530132 0.5919555758216979 0.1150465588997228 0.6030315812229707 0.783116911216039 0.151923715775958 -0.0001628151984559061 0.1905688841890318 -0.9816738123583406</Rotation3D>
          </Transform3D>
          <Id></Id>
          <Index>0</Index>
          <PropertyMap>
            <Property>
              <Name>GripperConfiguration</Name>
              <Value>
                <Q>0.01540126173061369</Q>
              </Value>
            </Property>
            <Property>
              <Name>GripperConfigurationPost</Name>
              <Value>
                <Q>0.01540046781800565</Q>
              </Value>
            </Property>
            <Property>
              <Name>Interference</Name>
              <Value>
                <Double>28.97259254152127</Double>
              </Value>
            </Property>
            <Property>
              <Name>InterferenceAngles</Name>
              <Value>
                <DoubleList>2.852184736641009 0.0001430245126925253</DoubleList>
              </Value>
            </Property>
            <Property>
              <Name>InterferenceDistances</Name>
              <Value>
                <DoubleList>27.63310545348211 0.0003940732023532871</DoubleList>
              </Value>
            </Property>
            <Property>
              <Name>Interferences</Name>
              <Value>
                <DoubleList>28.97201736390035 0.0005751776209189382</DoubleList>
              </Value>
            </Property>
            <Property>
              <Name>LiftStatus</Name>
              <Value>
                <Integer>4</Integer>
              </Value>
            </Property>
            <Property>
              <Name>ObjectTtcpApproach</Name>
              <Value>
                <Transform3D>
                  <Pos>-0.0007823265606133629 -0.001513577884131022 0.1100238588275568</Pos>
                  <Rotation3D>-0.7977175342715644 0.591954495215756 0.1150504720092646 0.6030312666039509 0.7831166124453716 0.151926504633393 -0.0001643585399819122 0.190573468525777 -0.9816729221488819</Rotation3D>
                </Transform3D>
              </Value>
            </Property>
            <Property>
              <Name>ObjectTtcpGrasp</Name>
              <Value>
                <Transform3D>
                  <Pos>-0.002065485805491499 -0.002973777471710405 0.108026207071022</Pos>
                  <Rotation3D>-0.8143143266596125 0.5697545777197469 0.1107786015631929 0.5804238978979465 0.7991721940549674 0.1563070791689349 0.0005254958209055909 0.1915816416485738 -0.98147653993225</Rotation3D>
                </Transform3D>
              </Value>
            </Property>
            <Property>
              <Name>ObjectTtcpLift</Name>
              <Value>
                <Transform3D>
                  <Pos>-0.00206608122722144 -0.002973280744739076 0.1080262582681151</Pos>
                  <Rotation3D>-0.8143142242084535 0.5697555616524913 0.1107742940299785 0.5804240406808571 0.799172935890991 0.1563027560188281 0.0005265467621499154 0.1915756208535645 -0.9814777145931943</Rotation3D>
                </Transform3D>
              </Value>
            </Property>
            <Property>
              <Name>ObjectTtcptTarget</Name>
              <Value>
                <Transform3D>
                  <Pos>-0.0350682416595573 -0.04678986986311413 0.4029747414271648</Pos>
                  <Rotation3D>-0.7977172967530132 0.5919555758216979 0.1150465588997228 0.6030315812229707 0.783116911216039 0.151923715775958 -0.0001628151984559061 0.1905688841890318 -0.9816738123583406</Rotation3D>
                </Transform3D>
              </Value>
            </Property>
            <Property>
              <Name>QualityAfterLifting</Name>
              <Value>
                <Q>0.07977467176605069 0.1503590094893034 0.694189744556171</Q>
              </Value>
            </Property>
            <Property>
              <Name>QualityBeforeLifting</Name>
              <Value>
                <Q>0.07976886783492876 0.1503589295436603 0.6941874629694104</Q>
              </Value>
            </Property>
            <Property>
              <Name>TestStatus</Name>
              <Value>
                <Integer>14</Integer>
              </Value>
            </Property>
          </PropertyMap>
        </CartesianTarget>
      </Targets>
      <Entities/>
      <Id></Id>
      <Index>4</Index>
      <PropertyMap>
        <Property>
          <Name>Approach</Name>
          <Value>
            <Transform3D>
              <Pos>0 0 0.3</Pos>
              <Rotation3D>1 0 0 0 1 0 0 0 1</Rotation3D>
            </Transform3D>
          </Value>
        </Property>
        <Property>
          <Name>CloseQ</Name>
          <Value>
            <Q>0</Q>
          </Value>
        </Property>
        <Property>
          <Name>Offset</Name>
          <Value>
            <Transform3D>
              <Pos>0 0 1e-05</Pos>
              <Rotation3D>1 0 0 0 1 0 0 0 1</Rotation3D>
            </Transform3D>
          </Value>
        </Property>
        <Property>
          <Name>OpenQ</Name>
          <Value>
            <Q>0.01947553569696548</Q>
          </Value>
        </Property>
        <Property>
          <Name>Retract</Name>
          <Value>
            <Transform3D>
              <Pos>0 0 0.1</Pos>
              <Rotation3D>1 0 0 0 1 0 0 0 1</Rotation3D>
            </Transform3D>
          </Value>
        </Property>
        <Property>
          <Name>TauMax</Name>
          <Value>
            <Q></Q>
          </Value>
        </Property>
        <Property>
          <Name>refframe</Name>
          <Value>
            <String></String>
          </Value>
        </Property>
      </PropertyMap>
    </CartesianTask>
    <CartesianTask>
      <Targets>
        <CartesianTarget id="0">
          <Transform3D>
            <Pos>0.0005513694525311879 -0.0001717062573308187 0.1107161910372688</Pos>
            <Rotation3D>0.02242408544419255 0.9380591500004084 -0.3457487404062415 0.9997484048030574 -0.02122588191969446 0.007251829457007819 -0.0005361769613572946 -0.345824367327177 -0.9382991098136159</Rotation3D>
          </Transform3D>
          <Id></Id>
          <Index>0</Index>
          <PropertyMap>
            <Property>
              <Name>ContactsGrasp</Name>
              <Value>
                <DoubleList>0.0002124632828046176 0.0155945550526901 0.09259842668768553 -0.05686134800563422 -0.9983820465887909 -0.0002759568075412456 -0.9510532882735973 -16.69876922839586 -0.004615606883037322 0.002757316011240876 0.01549711588091192 0.09952429340097162 -0.06013843053174966 -0.998189610129968 0.000933489025424644 -0.125841153796503 -2.088736455802917 0.00195334888152414 -0.000292656688509802 0.01567706680989591 0.1008257461974803 -0.06402562085865196 -0.9979436585771002 0.00302889078979713 0.250685356451085 -2.117530370228506 2.708424405530044 0.0001484933367029014 0.01562659577923644 0.1011975982087229 -0.0612302307262358 -0.9981236190146637 -0.0003162440235750556 0.1992868871946349 -2.129166408608926 2.764098319146339 3.750460829013793e-05 0.01561354509861023 0.09211883221057642 -0.05898640838636606 -0.9982586647189797 0.0004918731104940576 -0.1156269933850022 -1.956817700544413 0.0009641849783568529 -0.0003343568569469828 -0.01557942847404962 0.1025057625407245 0.06145370640214602 0.9981099337910154 4.513462025021366e-05 0.567714297597513 15.91636451477481 -2.040971578616961 -6.07516664916717e-05 -0.01559874055621486 0.10273164555004 0.04243722670343607 0.9990990088327029 0.0005023337854112939 0.06260109873457891 1.473816753734565 0.0007410155974141683 -0.002646786441252929 -0.01547426423694188 0.1005714614842657 0.06104248918658373 0.9981350305453499 0.0005247019528585404 -0.3295492943324218 1.542840596553753 -2.034370624528299 -3.681601174559761e-05 -0.01560054720577867 0.1027548582563971 0.06107616804363335 0.9981329843752953 0.0004971912835951091 0.0900377080449082 1.471434916692418 0.0007329530497530296 5.963575926804161e-05 -0.01560746704550573 0.1028356032434021 0.06094387312781074 0.9981409768576659 0.0006592767293341071 0.08974045235015507 1.46977240164208 0.0009707914656210959 -0.0008907595309703426 -0.01562706794987563 0.1151919658182549 0.08410553589776044 0.9609458638682241 -0.2636461749123303 0.1073812608062776 1.226882122886457 -0.3366087424168267 -0.0008907597830536105 -0.01562706811694945 0.1151919651638416 0.08410588033361863 0.9609460839969671 -0.263645262700093 0.1073817106385977 1.22688251905509 -0.3366076093395599 0.01525099876465194 -1.448770580931683e-05 0.1156840972166692 -0.3443824069201739 0.01987788993646549 -0.9386190000716701 0 0 0 0.01525099876465194 -1.448770580931683e-05 0.1156840972166692 -0.3443824069201739 0.01987788993646549 -0.9386190000716701 0 0 0</DoubleList>
              </Value>
            </Property>
            <Property>
              <Name>ContactsLift</Name>
              <Value>
                <DoubleList>0.0002127107558461405 0.01559463704566271 0.09258839904968881 -0.05713646089187114 -0.9983663404997273 -0.0002738502041227599 -1.42916011227832 -24.97223889984549 -0.006849843031268427 0.002757464891428101 0.01549611437924184 0.09952769697549156 -0.06044679222062363 -0.9981709926033396 0.0009245731450303785 0 0 0 -0.0002925817521011185 0.01567588783146424 0.1008292384857912 -0.06412521778477967 -0.9979372350563109 0.003038310751025211 0.9856323841761913 -0.03314919494419563 9.914415546175546 0.0001484470556802917 0.01562536810842876 0.1012014705349672 -0.06132966593560949 -0.9981175163714545 -0.0003091742321389107 0 0 0 3.769198226537826e-05 0.01561371018722178 0.09210767578329258 -0.05927108006963992 -0.9982418033574574 0.0004910163232436232 0 0 0 -0.000334370472845358 -0.01557947720615567 0.1025081430111202 0.06156813589569309 0.9981028823303206 3.043412240540523e-05 -0.2051238790390663 25.05072173193058 -0.9052861869194367 -6.209543509764419e-05 -0.01559873175113295 0.1027331809569988 0.04243631795580192 0.9990990487366899 0.0004997317235208906 0 0 0 -0.002646847677057912 -0.01547398696780916 0.1005712949065241 0.06115010350027169 0.998128447417734 0.0005170080945044318 0.6423838438570941 -0.03671525226685149 -5.097213805959401 -3.687667608366532e-05 -0.01560063408669614 0.1027575137837404 0.061171104771765 0.9981271667299224 0.0005049521753022286 0 0 0 5.955172222726034e-05 -0.01560756572221545 0.1028383471291686 0.0610384118319134 0.9981352012039525 0.0006575702112976559 0 0 0 -0.0009003384703700807 -0.01562888578936867 0.11519254400108 0.08411080006584412 0.9609930834064619 -0.2634723267389286 0 0 0 -0.0009003384703700807 -0.01562888578936867 0.11519254400108 0.08411080006584412 0.9609930834064619 -0.2634723267389286 0 0 0 0.01525483787700277 -1.478227560150415e-05 0.1156959381220049 -0.3437826738093019 0.01994152561218426 -0.9388374772796332 0 0 0 0.01525483787700277 -1.478227560150415e-05 0.1156959381220049 -0.3437826738093019 0.01994152561218426 -0.9388374772796332 0 0 0</DoubleList>
              </Value>
            </Property>
            <Property>
              <Name>GripperConfiguration</Name>
              <Value>
                <Q>0.01538343697384042</Q>
              </Value>
            </Property>
            <Property>
              <Name>GripperConfigurationPost</Name>
              <Value>
                <Q>0.01538297974888885</Q>
              </Value>
            </Property>
            <Property>
              <Name>Interference</Name>
              <Value>
                <Double>0.001007678527615818</Double>
              </Value>
            </Property>
            <Property>
              <Name>InterferenceAngles</Name>
              <Value>
                <DoubleList>0.000188780812084785 3.710576813766782e-05</DoubleList>
              </Value>
            </Property>
            <Property>
              <Name>InterferenceDistances</Name>
              <Value>
                <DoubleList>0.00039360616272604 0.0003913286431687804</DoubleList>
              </Value>
            </Property>
            <Property>
              <Name>Interferences</Name>
              <Value>
                <DoubleList>0.0005542346232289313 0.0004534439043868867</DoubleList>
              </Value>
            </Property>
            <Property>
              <Name>LiftResult</Name>
              <Value>
                <Double>0.9992971703598623</Double>
              </Value>
            </Property>
            <Property>
              <Name>LiftStatus</Name>
              <Value>
                <Integer>1</Integer>
              </Value>
            </Property>
            <Property>
              <Name>ObjectTtcpApproach</Name>
              <Value>
                <Transform3D>
                  <Pos>0.001173175429793838 -0.0001851412304219907 0.1120150293902188</Pos>
                  <Rotation3D>0.02242369272820506 0.9380605532105263 -0.3457449587698895 0.9997484151581066 -0.02122454246822797 0.007254321875155879 -0.0005332853692112364 -0.3458206432637819 -0.9383004840131648</Rotation3D>
                </Transform3D>
              </Value>
            </Property>
            <Property>
              <Name>ObjectTtcpGrasp</Name>
              <Value>
                <Transform3D>
