<?xml version="1.0" encoding="UTF-8" standalone="no" ?>
<CartesianTask>

  <Targets/>

  <Entities>
    <CartesianTask>
      <Targets/>
      <Entities/>
      <Id></Id>
      <Index>0</Index>
      <PropertyMap>
        <Property>
          <Name>Approach</Name>
          <Value>
            <Transform3D>
              <Pos>0 0 0.1</Pos>
              <Rotation3D>1 0 0 0 1 0 0 0 1</Rotation3D>
            </Transform3D>
          </Value>
        </Property>
        <Property>
          <Name>CloseQ</Name>
          <Value>
            <Q>0</Q>
          </Value>
        </Property>
        <Property>
          <Name>Offset</Name>
          <Value>
            <Transform3D>
              <Pos>0 0 1e-05</Pos>
              <Rotation3D>1 0 0 0 1 0 0 0 1</Rotation3D>
            </Transform3D>
          </Value>
        </Property>
        <Property>
          <Name>OpenQ</Name>
          <Value>
            <Q>0.05</Q>
          </Value>
        </Property>
        <Property>
          <Name>Retract</Name>
          <Value>
            <Transform3D>
              <Pos>0 0 0.1</Pos>
              <Rotation3D>1 0 0 0 1 0 0 0 1</Rotation3D>
            </Transform3D>
          </Value>
        </Property>
        <Property>
          <Name>TauMax</Name>
          <Value>
            <Q></Q>
          </Value>
        </Property>
        <Property>
          <Name>refframe</Name>
          <Value>
            <String></String>
          </Value>
        </Property>
      </PropertyMap>
    </CartesianTask>
    <CartesianTask>
      <Targets>
        <CartesianTarget id="0">
          <Transform3D>
            <Pos>-0.0007652868462632821 -0.0004088028064671428 0.03026753235265432</Pos>
            <Rotation3D>0.8517305851871705 -0.2995662430164691 -0.4299012401723423 0.5239799712344361 0.4869434340932901 0.6988068987485692 -1.371041614399751e-06 -0.820454848263103 0.5717113274719059</Rotation3D>
          </Transform3D>
          <Id></Id>
          <Index>0</Index>
          <PropertyMap>
            <Property>
              <Name>GripperConfiguration</Name>
              <Value>
                <Q>0.05</Q>
              </Value>
            </Property>
            <Property>
              <Name>Interference</Name>
              <Value>
                <Double>0</Double>
              </Value>
            </Property>
            <Property>
              <Name>InterferenceAngles</Name>
              <Value>
                <DoubleList></DoubleList>
              </Value>
            </Property>
            <Property>
              <Name>InterferenceDistances</Name>
              <Value>
                <DoubleList></DoubleList>
              </Value>
            </Property>
            <Property>
              <Name>Interferences</Name>
              <Value>
                <DoubleList></DoubleList>
              </Value>
            </Property>
            <Property>
              <Name>LiftStatus</Name>
              <Value>
                <Integer>4</Integer>
              </Value>
            </Property>
            <Property>
              <Name>ObjectTtcptTarget</Name>
              <Value>
                <Transform3D>
                  <Pos>-0.0007652868462632821 -0.0004088028064671428 0.03026753235265432</Pos>
                  <Rotation3D>0.8517305851871705 -0.2995662430164691 -0.4299012401723423 0.5239799712344361 0.4869434340932901 0.6988068987485692 -1.371041614399751e-06 -0.820454848263103 0.5717113274719059</Rotation3D>
                </Transform3D>
              </Value>
            </Property>
            <Property>
              <Name>TestStatus</Name>
              <Value>
                <Integer>17</Integer>
              </Value>
            </Property>
          </PropertyMap>
        </CartesianTarget>
      </Targets>
      <Entities/>
      <Id></Id>
      <Index>1</Index>
      <PropertyMap>
        <Property>
          <Name>Approach</Name>
          <Value>
            <Transform3D>
              <Pos>0 0 0</Pos>
              <Rotation3D>1 0 0 0 1 0 0 0 1</Rotation3D>
            </Transform3D>
          </Value>
        </Property>
        <Property>
          <Name>CloseQ</Name>
          <Value>
            <Q></Q>
          </Value>
        </Property>
        <Property>
          <Name>Offset</Name>
          <Value>
            <Transform3D>
              <Pos>0 0 0</Pos>
              <Rotation3D>1 0 0 0 1 0 0 0 1</Rotation3D>
            </Transform3D>
          </Value>
        </Property>
        <Property>
          <Name>OpenQ</Name>
          <Value>
            <Q></Q>
          </Value>
        </Property>
        <Property>
          <Name>Retract</Name>
          <Value>
            <Transform3D>
              <Pos>0 0 0</Pos>
              <Rotation3D>1 0 0 0 1 0 0 0 1</Rotation3D>
            </Transform3D>
          </Value>
        </Property>
        <Property>
          <Name>TauMax</Name>
          <Value>
            <Q></Q>
          </Value>
        </Property>
        <Property>
          <Name>refframe</Name>
          <Value>
            <String></String>
          </Value>
        </Property>
      </PropertyMap>
    </CartesianTask>
    <CartesianTask>
      <Targets>
        <CartesianTarget id="0">
          <Transform3D>
            <Pos>-0.0008959700979235567 -0.0005413218977061256 0.0968542890697691</Pos>
            <Rotation3D>-0.4742082455683397 -0.8504716004455579 -0.2276501629047706 0.8804125556807171 -0.4582343422150083 -0.1220451531791694 -0.0005211859028955826 -0.2583008796933338 0.9660643787630847</Rotation3D>
          </Transform3D>
          <Id></Id>
          <Index>0</Index>
          <PropertyMap>
            <Property>
              <Name>GripperConfiguration</Name>
              <Value>
                <Q>0.05</Q>
              </Value>
            </Property>
            <Property>
              <Name>Interference</Name>
              <Value>
                <Double>0</Double>
              </Value>
            </Property>
            <Property>
              <Name>InterferenceAngles</Name>
              <Value>
                <DoubleList></DoubleList>
              </Value>
            </Property>
            <Property>
              <Name>InterferenceDistances</Name>
              <Value>
                <DoubleList></DoubleList>
              </Value>
            </Property>
            <Property>
              <Name>Interferences</Name>
              <Value>
                <DoubleList></DoubleList>
              </Value>
            </Property>
            <Property>
              <Name>LiftStatus</Name>
              <Value>
                <Integer>4</Integer>
              </Value>
            </Property>
            <Property>
              <Name>ObjectTtcptTarget</Name>
              <Value>
                <Transform3D>
                  <Pos>-0.0008959700979235567 -0.0005413218977061256 0.0968542890697691</Pos>
                  <Rotation3D>-0.4742082455683397 -0.8504716004455579 -0.2276501629047706 0.8804125556807171 -0.4582343422150083 -0.1220451531791694 -0.0005211859028955826 -0.2583008796933338 0.9660643787630847</Rotation3D>
                </Transform3D>
              </Value>
            </Property>
            <Property>
              <Name>TestStatus</Name>
              <Value>
                <Integer>17</Integer>
              </Value>
            </Property>
          </PropertyMap>
        </CartesianTarget>
      </Targets>
      <Entities/>
      <Id></Id>
      <Index>2</Index>
      <PropertyMap>
        <Property>
          <Name>Approach</Name>
          <Value>
            <Transform3D>
              <Pos>0 0 0</Pos>
              <Rotation3D>1 0 0 0 1 0 0 0 1</Rotation3D>
            </Transform3D>
          </Value>
        </Property>
        <Property>
          <Name>CloseQ</Name>
          <Value>
            <Q></Q>
          </Value>
        </Property>
        <Property>
          <Name>Offset</Name>
          <Value>
            <Transform3D>
              <Pos>0 0 0</Pos>
              <Rotation3D>1 0 0 0 1 0 0 0 1</Rotation3D>
            </Transform3D>
          </Value>
        </Property>
        <Property>
          <Name>OpenQ</Name>
          <Value>
            <Q></Q>
          </Value>
        </Property>
        <Property>
          <Name>Retract</Name>
          <Value>
            <Transform3D>
              <Pos>0 0 0</Pos>
              <Rotation3D>1 0 0 0 1 0 0 0 1</Rotation3D>
            </Transform3D>
          </Value>
        </Property>
        <Property>
          <Name>TauMax</Name>
          <Value>
            <Q></Q>
          </Value>
        </Property>
        <Property>
          <Name>refframe</Name>
          <Value>
            <String></String>
          </Value>
        </Property>
      </PropertyMap>
    </CartesianTask>
    <CartesianTask>
      <Targets>
        <CartesianTarget id="0">
          <Transform3D>
            <Pos>-0.0006496214036633224 0.0001735755531693684 0.05729992465173987</Pos>
            <Rotation3D>-0.3330847972455712 0.7110836693758052 0.6192047585338127 -0.942896872627017 -0.2511438477982862 -0.2187972927237947 -7.371612633767056e-05 -0.6567242822220843 0.7541307656539553</Rotation3D>
          </Transform3D>
          <Id></Id>
          <Index>0</Index>
          <PropertyMap>
            <Property>
              <Name>GripperConfiguration</Name>
              <Value>
                <Q>0.05</Q>
              </Value>
            </Property>
            <Property>
              <Name>Interference</Name>
              <Value>
                <Double>0</Double>
              </Value>
            </Property>
            <Property>
              <Name>InterferenceAngles</Name>
              <Value>
                <DoubleList></DoubleList>
              </Value>
            </Property>
            <Property>
              <Name>InterferenceDistances</Name>
              <Value>
                <DoubleList></DoubleList>
              </Value>
            </Property>
            <Property>
              <Name>Interferences</Name>
              <Value>
                <DoubleList></DoubleList>
              </Value>
            </Property>
            <Property>
              <Name>LiftStatus</Name>
              <Value>
                <Integer>4</Integer>
              </Value>
            </Property>
            <Property>
              <Name>ObjectTtcptTarget</Name>
              <Value>
                <Transform3D>
                  <Pos>-0.0006496214036633224 0.0001735755531693684 0.05729992465173987</Pos>
                  <Rotation3D>-0.3330847972455712 0.7110836693758052 0.6192047585338127 -0.942896872627017 -0.2511438477982862 -0.2187972927237947 -7.371612633767056e-05 -0.6567242822220843 0.7541307656539553</Rotation3D>
                </Transform3D>
              </Value>
            </Property>
            <Property>
              <Name>TestStatus</Name>
              <Value>
                <Integer>17</Integer>
              </Value>
            </Property>
          </PropertyMap>
        </CartesianTarget>
      </Targets>
      <Entities/>
      <Id></Id>
      <Index>3</Index>
      <PropertyMap>
        <Property>
          <Name>Approach</Name>
          <Value>
            <Transform3D>
              <Pos>0 0 0</Pos>
              <Rotation3D>1 0 0 0 1 0 0 0 1</Rotation3D>
            </Transform3D>
          </Value>
        </Property>
        <Property>
          <Name>CloseQ</Name>
          <Value>
            <Q></Q>
          </Value>
        </Property>
        <Property>
          <Name>Offset</Name>
          <Value>
            <Transform3D>
              <Pos>0 0 0</Pos>
              <Rotation3D>1 0 0 0 1 0 0 0 1</Rotation3D>
            </Transform3D>
          </Value>
        </Property>
        <Property>
          <Name>OpenQ</Name>
          <Value>
            <Q></Q>
          </Value>
        </Property>
        <Property>
          <Name>Retract</Name>
          <Value>
            <Transform3D>
              <Pos>0 0 0</Pos>
              <Rotation3D>1 0 0 0 1 0 0 0 1</Rotation3D>
            </Transform3D>
          </Value>
        </Property>
        <Property>
          <Name>TauMax</Name>
          <Value>
            <Q></Q>
          </Value>
        </Property>
        <Property>
          <Name>refframe</Name>
          <Value>
            <String></String>
          </Value>
        </Property>
      </PropertyMap>
    </CartesianTask>
    <CartesianTask>
      <Targets>
        <CartesianTarget id="0">
          <Transform3D>
            <Pos>-0.0004695723867002136 0.000149376902790847 0.06781942668715711</Pos>
            <Rotation3D>-0.2351391362963521 -0.7473484043988938 -0.6214337849073166 -0.9719615875083923 0.1804653961678604 0.1507412126597866 -0.0005089105730540399 0.6394549266589513 -0.7688284189477024</Rotation3D>
          </Transform3D>
          <Id></Id>
          <Index>0</Index>
          <PropertyMap>
            <Property>
              <Name>Interference</Name>
              <Value>
                <Double>0</Double>
              </Value>
            </Property>
            <Property>
              <Name>InterferenceAngles</Name>
              <Value>
                <DoubleList></DoubleList>
              </Value>
            </Property>
            <Property>
              <Name>InterferenceDistances</Name>
              <Value>
                <DoubleList></DoubleList>
              </Value>
            </Property>
            <Property>
              <Name>Interferences</Name>
              <Value>
                <DoubleList></DoubleList>
              </Value>
            </Property>
            <Property>
              <Name>LiftStatus</Name>
              <Value>
                <Integer>4</Integer>
              </Value>
            </Property>
            <Property>
              <Name>ObjectTtcptTarget</Name>
              <Value>
                <Transform3D>
                  <Pos>-0.0004695723867002136 0.000149376902790847 0.06781942668715711</Pos>
                  <Rotation3D>-0.2351391362963521 -0.7473484043988938 -0.6214337849073166 -0.9719615875083923 0.1804653961678604 0.1507412126597866 -0.0005089105730540399 0.6394549266589513 -0.7688284189477024</Rotation3D>
                </Transform3D>
              </Value>
            </Property>
            <Property>
              <Name>TestStatus</Name>
              <Value>
                <Integer>0</Integer>
              </Value>
            </Property>
          </PropertyMap>
        </CartesianTarget>
      </Targets>
      <Entities/>
      <Id></Id>
      <Index>4</Index>
      <PropertyMap>
        <Property>
          <Name>Approach</Name>
          <Value>
            <Transform3D>
              <Pos>0 0 0.3</Pos>
              <Rotation3D>1 0 0 0 1 0 0 0 1</Rotation3D>
            </Transform3D>
          </Value>
        </Property>
        <Property>
          <Name>CloseQ</Name>
          <Value>
            <Q>0</Q>
          </Value>
        </Property>
        <Property>
          <Name>Offset</Name>
          <Value>
            <Transform3D>
              <Pos>0 0 1e-05</Pos>
              <Rotation3D>1 0 0 0 1 0 0 0 1</Rotation3D>
            </Transform3D>
          </Value>
        </Property>
        <Property>
          <Name>OpenQ</Name>
          <Value>
            <Q>0.05</Q>
          </Value>
        </Property>
        <Property>
          <Name>Retract</Name>
          <Value>
            <Transform3D>
              <Pos>0 0 0.1</Pos>
              <Rotation3D>1 0 0 0 1 0 0 0 1</Rotation3D>
            </Transform3D>
          </Value>
        </Property>
        <Property>
          <Name>TauMax</Name>
          <Value>
            <Q></Q>
          </Value>
        </Property>
        <Property>
          <Name>refframe</Name>
          <Value>
            <String></String>
          </Value>
        </Property>
      </PropertyMap>
    </CartesianTask>
    <CartesianTask>
      <Targets>
        <CartesianTarget id="0">
          <Transform3D>
            <Pos>0.0004721460313325595 -0.0006132450917271746 0.05837101167022007</Pos>
            <Rotation3D>0.559805125857099 -0.5758938356544397 -0.595788982039224 0.8286242839013791 0.3891783013383193 0.4023953850336097 0.0001311222494609897 -0.7189482177616393 0.6950636251339285</Rotation3D>
          </Transform3D>
          <Id></Id>
          <Index>0</Index>
          <PropertyMap>
            <Property>
              <Name>GripperConfiguration</Name>
              <Value>
                <Q>0.05</Q>
              </Value>
            </Property>
            <Property>
              <Name>Interference</Name>
              <Value>
                <Double>0</Double>
              </Value>
            </Property>
            <Property>
              <Name>InterferenceAngles</Name>
              <Value>
                <DoubleList></DoubleList>
              </Value>
            </Property>
            <Property>
              <Name>InterferenceDistances</Name>
              <Value>
                <DoubleList></DoubleList>
              </Value>
            </Property>
            <Property>
              <Name>Interferences</Name>
              <Value>
                <DoubleList></DoubleList>
              </Value>
            </Property>
            <Property>
              <Name>LiftStatus</Name>
              <Value>
                <Integer>4</Integer>
              </Value>
            </Property>
            <Property>
              <Name>ObjectTtcptTarget</Name>
              <Value>
                <Transform3D>
                  <Pos>0.0004721460313325595 -0.0006132450917271746 0.05837101167022007</Pos>
                  <Rotation3D>0.559805125857099 -0.5758938356544397 -0.595788982039224 0.8286242839013791 0.3891783013383193 0.4023953850336097 0.0001311222494609897 -0.7189482177616393 0.6950636251339285</Rotation3D>
                </Transform3D>
              </Value>
            </Property>
            <Property>
              <Name>TestStatus</Name>
              <Value>
                <Integer>17</Integer>
              </Value>
            </Property>
          </PropertyMap>
        </CartesianTarget>
      </Targets>
      <Entities/>
      <Id></Id>
      <Index>5</Index>
      <PropertyMap>
        <Property>
          <Name>Approach</Name>
          <Value>
            <Transform3D>
              <Pos>0 0 0</Pos>
              <Rotation3D>1 0 0 0 1 0 0 0 1</Rotation3D>
            </Transform3D>
          </Value>
        </Property>
        <Property>
          <Name>CloseQ</Name>
          <Value>
            <Q></Q>
          </Value>
        </Property>
        <Property>
          <Name>Offset</Name>
          <Value>
            <Transform3D>
              <Pos>0 0 0</Pos>
              <Rotation3D>1 0 0 0 1 0 0 0 1</Rotation3D>
            </Transform3D>
          </Value>
        </Property>
        <Property>
          <Name>OpenQ</Name>
          <Value>
            <Q></Q>
          </Value>
        </Property>
        <Property>
          <Name>Retract</Name>
          <Value>
            <Transform3D>
              <Pos>0 0 0</Pos>
              <Rotation3D>1 0 0 0 1 0 0 0 1</Rotation3D>
            </Transform3D>
          </Value>
        </Property>
        <Property>
          <Name>TauMax</Name>
          <Value>
            <Q></Q>
          </Value>
        </Property>
        <Property>
          <Name>refframe</Name>
          <Value>
            <String></String>
          </Value>
        </Property>
      </PropertyMap>
    </CartesianTask>
    <CartesianTask>
      <Targets>
        <CartesianTarget id="0">
          <Transform3D>
            <Pos>0.003700393799426137 -0.0001080476075477001 0.05750000104308128</Pos>
            <Rotation3D>-8.470925249855986e-17 -0.9235794565447977 -0.3834070779842439 -5.655293126079192e-17 0.3834070779842439 -0.9235794565447977 1 -5.655293126079192e-17 -8.470925249855986e-17</Rotation3D>
          </Transform3D>
          <Id></Id>
          <Index>0</Index>
          <PropertyMap>
            <Property>
              <Name>GripperConfiguration</Name>
              <Value>
                <Q>0.05</Q>
              </Value>
            </Property>
            <Property>
              <Name>Interference</Name>
              <Value>
                <Double>0</Double>
              </Value>
            </Property>
            <Property>
              <Name>InterferenceAngles</Name>
              <Value>
                <DoubleList></DoubleList>
              </Value>
            </Property>
            <Property>
              <Name>InterferenceDistances</Name>
              <Value>
                <DoubleList></DoubleList>
              </Value>
            </Property>
            <Property>
              <Name>Interferences</Name>
              <Value>
                <DoubleList></DoubleList>
              </Value>
            </Property>
            <Property>
              <Name>LiftStatus</Name>
              <Value>
                <Integer>4</Integer>
              </Value>
            </Property>
            <Property>
              <Name>ObjectTtcptTarget</Name>
              <Value>
                <Transform3D>
                  <Pos>0.003700393799426137 -0.0001080476075477001 0.05750000104308128</Pos>
                  <Rotation3D>-8.470925249855986e-17 -0.9235794565447977 -0.3834070779842439 -5.655293126079192e-17 0.3834070779842439 -0.9235794565447977 1 -5.655293126079192e-17 -8.470925249855986e-17</Rotation3D>
                </Transform3D>
              </Value>
            </Property>
            <Property>
              <Name>TestStatus</Name>
              <Value>
                <Integer>17</Integer>
              </Value>
            </Property>
          </PropertyMap>
        </CartesianTarget>
      </Targets>
      <Entities/>
      <Id></Id>
      <Index>6</Index>
      <PropertyMap>
        <Property>
          <Name>Approach</Name>
          <Value>
            <Transform3D>
              <Pos>0 0 0</Pos>
              <Rotation3D>1 0 0 0 1 0 0 0 1</Rotation3D>
            </Transform3D>
          </Value>
        </Property>
        <Property>
          <Name>CloseQ</Name>
          <Value>
            <Q></Q>
          </Value>
        </Property>
        <Property>
          <Name>Offset</Name>
          <Value>
            <Transform3D>
              <Pos>0 0 0</Pos>
              <Rotation3D>1 0 0 0 1 0 0 0 1</Rotation3D>
            </Transform3D>
          </Value>
        </Property>
        <Property>
          <Name>OpenQ</Name>
          <Value>
            <Q></Q>
          </Value>
        </Property>
        <Property>
          <Name>Retract</Name>
          <Value>
            <Transform3D>
              <Pos>0 0 0</Pos>
              <Rotation3D>1 0 0 0 1 0 0 0 1</Rotation3D>
            </Transform3D>
          </Value>
        </Property>
        <Property>
          <Name>TauMax</Name>
          <Value>
            <Q></Q>
          </Value>
        </Property>
        <Property>
          <Name>refframe</Name>
          <Value>
            <String></String>
          </Value>
        </Property>
      </PropertyMap>
    </CartesianTask>
    <CartesianTask>
      <Targets>
        <CartesianTarget id="0">
          <Transform3D>
            <Pos>1.135990861447778e-05 -0.0001711152311757759 0.01246658904042219</Pos>
            <Rotation3D>0.9603783453700798 0.2095907829926074 0.1836984959894158 0.2786995289058245 -0.7220463732521953 -0.6332263477312223 -7.957323149536017e-05 0.6593335563718088 -0.751850553707453</Rotation3D>
          </Transform3D>
          <Id></Id>
          <Index>0</Index>
          <PropertyMap>
            <Property>
              <Name>GripperConfiguration</Name>
              <Value>
                <Q>0.05</Q>
              </Value>
            </Property>
            <Property>
              <Name>Interference</Name>
              <Value>
                <Double>0</Double>
              </Value>
            </Property>
            <Property>
              <Name>InterferenceAngles</Name>
              <Value>
                <DoubleList></DoubleList>
              </Value>
            </Property>
            <Property>
              <Name>InterferenceDistances</Name>
              <Value>
                <DoubleList></DoubleList>
              </Value>
            </Property>
            <Property>
              <Name>Interferences</Name>
              <Value>
                <DoubleList></DoubleList>
              </Value>
            </Property>
            <Property>
              <Name>LiftStatus</Name>
              <Value>
                <Integer>4</Integer>
              </Value>
            </Property>
            <Property>
              <Name>ObjectTtcptTarget</Name>
              <Value>
                <Transform3D>
                  <Pos>1.135990861447778e-05 -0.0001711152311757759 0.01246658904042219</Pos>
                  <Rotation3D>0.9603783453700798 0.2095907829926074 0.1836984959894158 0.2786995289058245 -0.7220463732521953 -0.6332263477312223 -7.957323149536017e-05 0.6593335563718088 -0.751850553707453</Rotation3D>
                </Transform3D>
              </Value>
            </Property>
            <Property>
              <Name>TestStatus</Name>
              <Value>
                <Integer>17</Integer>
              </Value>
            </Property>
          </PropertyMap>
        </CartesianTarget>
      </Targets>
      <Entities/>
      <Id></Id>
      <Index>7</Index>
      <PropertyMap>
        <Property>
          <Name>Approach</Name>
          <Value>
            <Transform3D>
              <Pos>0 0 0</Pos>
              <Rotation3D>1 0 0 0 1 0 0 0 1</Rotation3D>
            </Transform3D>
          </Value>
        </Property>
        <Property>
          <Name>CloseQ</Name>
          <Value>
            <Q></Q>
          </Value>
        </Property>
        <Property>
          <Name>Offset</Name>
          <Value>
            <Transform3D>
              <Pos>0 0 0</Pos>
              <Rotation3D>1 0 0 0 1 0 0 0 1</Rotation3D>
            </Transform3D>
          </Value>
        </Property>
        <Property>
          <Name>OpenQ</Name>
          <Value>
            <Q></Q>
          </Value>
        </Property>
        <Property>
          <Name>Retract</Name>
          <Value>
            <Transform3D>
              <Pos>0 0 0</Pos>
              <Rotation3D>1 0 0 0 1 0 0 0 1</Rotation3D>
            </Transform3D>
          </Value>
        </Property>
        <Property>
          <Name>TauMax</Name>
          <Value>
            <Q></Q>
          </Value>
        </Property>
        <Property>
          <Name>refframe</Name>
          <Value>
            <String></String>
          </Value>
        </Property>
      </PropertyMap>
    </CartesianTask>
    <CartesianTask>
      <Targets>
        <CartesianTarget id="0">
          <Transform3D>
            <Pos>0.0006735542933326974 0.001413310680565593 0.03076165291317105</Pos>
            <Rotation3D>0.4877595765440333 -0.7779807124728303 -0.3960260174658388 -0.8729780035659156 -0.4346671668824067 -0.2213003825674286 2.792227671934131e-05 0.4536633829776098 -0.8911731224434774</Rotation3D>
          </Transform3D>
          <Id></Id>
          <Index>0</Index>
          <PropertyMap>
            <Property>
              <Name>GripperConfiguration</Name>
              <Value>
                <Q>0.05</Q>
              </Value>
            </Property>
            <Property>
              <Name>Interference</Name>
              <Value>
                <Double>0</Double>
              </Value>
            </Property>
            <Property>
              <Name>InterferenceAngles</Name>
              <Value>
                <DoubleList></DoubleList>
              </Value>
            </Property>
            <Property>
              <Name>InterferenceDistances</Name>
              <Value>
                <DoubleList></DoubleList>
              </Value>
            </Property>
            <Property>
              <Name>Interferences</Name>
              <Value>
                <DoubleList></DoubleList>
              </Value>
            </Property>
            <Property>
              <Name>LiftStatus</Name>
              <Value>
                <Integer>4</Integer>
              </Value>
            </Property>
            <Property>
              <Name>ObjectTtcptTarget</Name>
              <Value>
                <Transform3D>
                  <Pos>0.0006735542933326974 0.001413310680565593 0.03076165291317105</Pos>
                  <Rotation3D>0.4877595765440333 -0.7779807124728303 -0.3960260174658388 -0.8729780035659156 -0.4346671668824067 -0.2213003825674286 2.792227671934131e-05 0.4536633829776098 -0.8911731224434774</Rotation3D>
                </Transform3D>
              </Value>
            </Property>
            <Property>
              <Name>TestStatus</Name>
              <Value>
                <Integer>17</Integer>
              </Value>
            </Property>
          </PropertyMap>
        </CartesianTarget>
      </Targets>
      <Entities/>
      <Id></Id>
      <Index>8</Index>
      <PropertyMap>
        <Property>
          <Name>Approach</Name>
          <Value>
            <Transform3D>
              <Pos>0 0 0</Pos>
              <Rotation3D>1 0 0 0 1 0 0 0 1</Rotation3D>
            </Transform3D>
          </Value>
        </Property>
        <Property>
          <Name>CloseQ</Name>
          <Value>
            <Q></Q>
          </Value>
        </Property>
        <Property>
          <Name>Offset</Name>
          <Value>
            <Transform3D>
              <Pos>0 0 0</Pos>
              <Rotation3D>1 0 0 0 1 0 0 0 1</Rotation3D>
            </Transform3D>
          </Value>
        </Property>
        <Property>
          <Name>OpenQ</Name>
          <Value>
            <Q></Q>
          </Value>
        </Property>
        <Property>
          <Name>Retract</Name>
          <Value>
            <Transform3D>
              <Pos>0 0 0</Pos>
              <Rotation3D>1 0 0 0 1 0 0 0 1</Rotation3D>
            </Transform3D>
          </Value>
        </Property>
        <Property>
          <Name>TauMax</Name>
          <Value>
            <Q></Q>
          </Value>
        </Property>
        <Property>
          <Name>refframe</Name>
          <Value>
            <String></String>
          </Value>
        </Property>
      </PropertyMap>
    </CartesianTask>
    <CartesianTask>
      <Targets>
        <CartesianTarget id="0">
          <Transform3D>
            <Pos>0.001741504526910617 -0.0005074431555239243 0.02431143595070715</Pos>
            <Rotation3D>-0.9277697863031045 0.2241056211542308 0.2983620186789335 0.3731530833626323 0.5571938605696483 0.7418165393953222 -2.286913978816836e-07 0.7995696794592499 -0.6005733324827036</Rotation3D>
          </Transform3D>
          <Id></Id>
          <Index>0</Index>
          <PropertyMap>
            <Property>
              <Name>GripperConfiguration</Name>
              <Value>
                <Q>0.05</Q>
              </Value>
            </Property>
            <Property>
              <Name>Interference</Name>
              <Value>
                <Double>0</Double>
              </Value>
            </Property>
            <Property>
              <Name>InterferenceAngles</Name>
              <Value>
                <DoubleList></DoubleList>
              </Value>
            </Property>
            <Property>
              <Name>InterferenceDistances</Name>
              <Value>
                <DoubleList></DoubleList>
              </Value>
            </Property>
            <Property>
              <Name>Interferences</Name>
              <Value>
                <DoubleList></DoubleList>
              </Value>
            </Property>
            <Property>
              <Name>LiftStatus</Name>
              <Value>
                <Integer>4</Integer>
              </Value>
            </Property>
            <Property>
              <Name>ObjectTtcptTarget</Name>
              <Value>
                <Transform3D>
                  <Pos>0.001741504526910617 -0.0005074431555239243 0.02431143595070715</Pos>
                  <Rotation3D>-0.9277697863031045 0.2241056211542308 0.2983620186789335 0.3731530833626323 0.5571938605696483 0.7418165393953222 -2.286913978816836e-07 0.7995696794592499 -0.6005733324827036</Rotation3D>
                </Transform3D>
              </Value>
            </Property>
            <Property>
              <Name>TestStatus</Name>
              <Value>
                <Integer>17</Integer>
              </Value>
            </Property>
          </PropertyMap>
        </CartesianTarget>
      </Targets>
      <Entities/>
      <Id></Id>
      <Index>9</Index>
      <PropertyMap>
        <Property>
          <Name>Approach</Name>
          <Value>
            <Transform3D>
              <Pos>0 0 0</Pos>
              <Rotation3D>1 0 0 0 1 0 0 0 1</Rotation3D>
            </Transform3D>
          </Value>
        </Property>
        <Property>
          <Name>CloseQ</Name>
          <Value>
            <Q></Q>
          </Value>
        </Property>
        <Property>
          <Name>Offset</Name>
          <Value>
            <Transform3D>
              <Pos>0 0 0</Pos>
              <Rotation3D>1 0 0 0 1 0 0 0 1</Rotation3D>
            </Transform3D>
          </Value>
        </Property>
        <Property>
          <Name>OpenQ</Name>
          <Value>
            <Q></Q>
          </Value>
        </Property>
        <Property>
          <Name>Retract</Name>
          <Value>
            <Transform3D>
              <Pos>0 0 0</Pos>
              <Rotation3D>1 0 0 0 1 0 0 0 1</Rotation3D>
            </Transform3D>
          </Value>
        </Property>
        <Property>
          <Name>TauMax</Name>
          <Value>
            <Q></Q>
          </Value>
        </Property>
        <Property>
          <Name>refframe</Name>
          <Value>
            <String></String>
          </Value>
        </Property>
      </PropertyMap>
    </CartesianTask>
    <CartesianTask>
      <Targets>
        <CartesianTarget id="0">
          <Transform3D>
            <Pos>0.0002408084790442256 -3.316383297580043e-05 0.08595008980576746</Pos>
            <Rotation3D>-0.3330847972455712 -0.7241313433395401 0.6038942916083492 0.942896872627017 -0.2557542976957886 0.2133898469944731 -7.371612633766971e-05 0.6404869528752379 0.7679690473987384</Rotation3D>
          </Transform3D>
          <Id></Id>
          <Index>0</Index>
          <PropertyMap>
            <Property>
              <Name>GripperConfiguration</Name>
              <Value>
                <Q>0.05</Q>
              </Value>
            </Property>
            <Property>
              <Name>Interference</Name>
              <Value>
                <Double>0</Double>
              </Value>
            </Property>
            <Property>
              <Name>InterferenceAngles</Name>
              <Value>
                <DoubleList></DoubleList>
              </Value>
            </Property>
            <Property>
              <Name>InterferenceDistances</Name>
              <Value>
                <DoubleList></DoubleList>
              </Value>
            </Property>
            <Property>
              <Name>Interferences</Name>
              <Value>
                <DoubleList></DoubleList>
              </Value>
            </Property>
            <Property>
              <Name>LiftStatus</Name>
              <Value>
                <Integer>4</Integer>
              </Value>
            </Property>
            <Property>
              <Name>ObjectTtcptTarget</Name>
              <Value>
                <Transform3D>
                  <Pos>0.0002408084790442256 -3.316383297580043e-05 0.08595008980576746</Pos>
                  <Rotation3D>-0.3330847972455712 -0.7241313433395401 0.6038942916083492 0.942896872627017 -0.2557542976957886 0.2133898469944731 -7.371612633766971e-05 0.6404869528752379 0.7679690473987384</Rotation3D>
                </Transform3D>
              </Value>
            </Property>
            <Property>
              <Name>TestStatus</Name>
              <Value>
                <Integer>17</Integer>
              </Value>
            </Property>
          </PropertyMap>
        </CartesianTarget>
      </Targets>
      <Entities/>
      <Id></Id>
      <Index>10</Index>
      <PropertyMap>
        <Property>
          <Name>Approach</Name>
          <Value>
            <Transform3D>
              <Pos>0 0 0</Pos>
              <Rotation3D>1 0 0 0 1 0 0 0 1</Rotation3D>
            </Transform3D>
          </Value>
        </Property>
        <Property>
          <Name>CloseQ</Name>
          <Value>
            <Q></Q>
          </Value>
        </Property>
        <Property>
          <Name>Offset</Name>
          <Value>
            <Transform3D>
              <Pos>0 0 0</Pos>
              <Rotation3D>1 0 0 0 1 0 0 0 1</Rotation3D>
            </Transform3D>
          </Value>
        </Property>
        <Property>
          <Name>OpenQ</Name>
          <Value>
            <Q></Q>
          </Value>
        </Property>
        <Property>
          <Name>Retract</Name>
          <Value>
            <Transform3D>
              <Pos>0 0 0</Pos>
              <Rotation3D>1 0 0 0 1 0 0 0 1</Rotation3D>
            </Transform3D>
          </Value>
        </Property>
        <Property>
          <Name>TauMax</Name>
          <Value>
            <Q></Q>
          </Value>
        </Property>
        <Property>
          <Name>refframe</Name>
          <Value>
            <String></String>
          </Value>
        </Property>
      </PropertyMap>
    </CartesianTask>
    <CartesianTask>
      <Targets>
        <CartesianTarget id="0">
          <Transform3D>
            <Pos>0.0002496009004620413 -4.414805637831774e-05 0.06712673595819837</Pos>
            <Rotation3D>0.2521632153040674 0.33247174847188 -0.9087773375891179 0.9676847158912709 -0.08657960524233083 0.2368338290585034 5.897410272872613e-05 -0.9391307195615173 -0.3435600210995483</Rotation3D>
          </Transform3D>
          <Id></Id>
          <Index>0</Index>
          <PropertyMap>
            <Property>
              <Name>Interference</Name>
              <Value>
                <Double>0</Double>
              </Value>
            </Property>
            <Property>
              <Name>InterferenceAngles</Name>
              <Value>
                <DoubleList></DoubleList>
              </Value>
            </Property>
            <Property>
              <Name>InterferenceDistances</Name>
              <Value>
                <DoubleList></DoubleList>
              </Value>
            </Property>
            <Property>
              <Name>Interferences</Name>
              <Value>
                <DoubleList></DoubleList>
              </Value>
            </Property>
            <Property>
              <Name>LiftStatus</Name>
              <Value>
                <Integer>4</Integer>
              </Value>
            </Property>
            <Property>
              <Name>ObjectTtcptTarget</Name>
              <Value>
                <Transform3D>
                  <Pos>0.0002496009004620413 -4.414805637831774e-05 0.06712673595819837</Pos>
                  <Rotation3D>0.2521632153040674 0.33247174847188 -0.9087773375891179 0.9676847158912709 -0.08657960524233083 0.2368338290585034 5.897410272872613e-05 -0.9391307195615173 -0.3435600210995483</Rotation3D>
                </Transform3D>
              </Value>
            </Property>
            <Property>
              <Name>TestStatus</Name>
              <Value>
                <Integer>0</Integer>
              </Value>
            </Property>
